14834
1788
13040
6

17 50 

16
0 89 147 6 183 94 95 92 151 97 117 112 156 0 
0 27 167 69 132 176 70 101 162 31 190 127 7 124 46 146 0 
0 53 105 26 149 109 134 24 185 76 184 138 154 28 0 
0 58 152 40 21 73 171 22 133 74 72 55 180 0 
0 1 102 157 33 81 78 79 129 169 29 121 163 12 0 
0 13 137 2 178 115 57 144 87 172 42 142 14 119 192 91 0 
0 52 153 106 194 123 182 148 62 159 10 189 0 
0 96 99 104 59 93 98 37 100 193 85 61 173 84 0 
0 165 54 177 116 196 3 158 77 68 150 80 111 0 
0 5 118 60 83 114 8 174 125 45 199 18 0 
0 88 90 30 51 9 120 164 34 135 35 136 65 20 122 0 
0 198 110 179 25 139 187 39 23 186 56 197 75 41 15 0 
0 82 48 168 36 19 107 175 11 126 63 181 131 128 0 
0 195 130 155 4 145 43 140 38 191 141 16 166 0 
0 108 32 160 188 66 71 161 103 0 
0 64 49 143 47 113 86 44 67 170 0 
