40896
1784
39104
8

17 50 81 

16
0 89 147 6 183 94 95 92 151 97 117 112 156 0 
0 27 167 69 132 176 70 101 162 31 190 148 7 124 46 146 0 
0 28 76 185 24 134 109 12 138 154 149 26 105 53 0 
0 58 152 40 180 21 73 171 22 133 74 72 55 0 
0 1 102 157 33 79 129 78 169 121 29 163 184 0 
0 13 137 2 178 115 57 144 87 172 42 142 14 119 192 91 0 
0 52 153 106 194 182 123 62 159 10 189 127 0 
0 96 99 104 59 93 98 37 100 193 85 61 173 84 0 
0 111 116 196 77 3 158 68 80 150 177 54 165 0 
0 5 118 60 83 114 8 174 125 45 199 18 0 
0 88 90 30 51 9 120 164 34 135 35 136 65 20 122 0 
0 179 110 198 197 56 186 23 39 187 25 139 75 41 15 0 
0 82 48 168 36 19 107 175 11 126 63 181 131 128 0 
0 195 130 155 4 145 43 140 38 191 141 16 166 0 
0 108 32 160 188 66 71 161 103 0 
0 64 49 143 47 113 86 44 67 170 0 
